  1 1
  >2 2
  ?>3 8
  4 10
  5 11
  6 12
  7 13
  >8 14
  ?>9 15
 10 16
 11 17
 12 19
 >13 22
 14 26
 15 27
 >16 28
 17 30
 18 34
 >19 35
 20 36
 ?>21 37
 22 40
 ?>23 41
 24 42
 25 43
 >26 44
 27 46
 >28 47
 29 48
 >30 49
 ?>31 51
 ?>32 53
 33 54
 >34 55
 35 57
 36 59
 37 61
 38 62
 39 63
 40 66
 41 68
 42 69
 >43 70
 >44 71
=======
row  num
1  54 10  1 17
2  41 62 11 44
3   8 13 30 51
4  63 26 16 72
5  66 28 49 35 40
6  47 53 68 70
7  55 61 12 71
8  36
===
10, 1, 62, 11,2, 30, 15, 26, 72, 66, 49, 40, 46, 19, 53, 57, 43

 
 